0.38181818181818183
0.7636363636363637
1.1454545454545455
1.5272727272727273
1.9090909090909092
2.290909090909091
2.672727272727273
3.0545454545454547
3.4363636363636365
3.8181818181818183
4.2
4.581818181818182
4.963636363636364
5.345454545454546
5.7272727272727275
6.109090909090909
6.490909090909091
6.872727272727273
7.254545454545455
7.636363636363637
8.01818181818182
8.400000000000002
8.781818181818185
9.163636363636368
9.54545454545455
9.927272727272733
10.309090909090916
10.690909090909098
11.072727272727281
11.454545454545464
11.836363636363647
12.21818181818183
12.600000000000012
12.981818181818195
13.363636363636378
13.74545454545456
14.127272727272743
14.509090909090926
14.890909090909108
15.272727272727291
15.654545454545474
16.036363636363657
16.41818181818184
16.800000000000022
17.181818181818205
17.563636363636387
17.94545454545457
18.327272727272753
18.709090909090936
19.09090909090912
19.4727272727273
19.854545454545484
20.236363636363667
20.61818181818185
21.000000000000032
21.381818181818215
21.763636363636397
21.763636363636397
21.763636363636397
21.763636363636397
21.763636363636397
21.763636363636397
21.763636363636397
21.763636363636397
21.763636363636397
21.763636363636397
21.763636363636397
21.763636363636397
21.763636363636397
21.763636363636397
21.763636363636397
21.763636363636397
21.763636363636397
21.763636363636397
21.763636363636397
21.763636363636397
21.763636363636397
21.763636363636397
21.763636363636397
21.763636363636397
21.763636363636397
21.763636363636397
21.763636363636397
21.763636363636397
21.763636363636397
21.763636363636397
21.763636363636397
21.763636363636397
21.763636363636397
21.763636363636397
21.763636363636397
21.763636363636397
21.763636363636397
21.763636363636397
21.763636363636397
21.763636363636397
21.763636363636397
21.763636363636397
21.763636363636397
21.763636363636397
